%% a
V = [1/3;1/3;1/3];
T=[1/3 1/4 0;1/3 11/20 1/2;1/3 1/5 1/2];
%% b
a = 90/2
b = 90/4;
c = 90/4;
V = [a; b; c];
%% 