%% a
V = [1/3;1/3;1/3];
T=[1/3 1/4 0;1/3 11/20 1/2;1/3 1/5 1/2];
%% b
