%% alinea a 
T = ([0.7 0.2 0.1;0.2 0.3 0.5;0.3 0.3 0.4])'
%% alinea b
X=[1;0;0];
X2 = T^2*X
n=[1 2 3 4 5 6 7 8 9 10 11 12 13 14 15 16 17 18 19 20];
y = 