%% alinea a 
T = ([0.7 0.2 0.1;0.2 0.3 0.5;0.3 0.3 0.4])'
%% alinea b
X=[1;0;0];
X2 = T^2*X